78.9588
346.0556
362.0508
133.014
128.0351
147.0297
87.0086
146.0456
128.0351
147.049
187.0721
191.0195
145.014
89.0243
201.0379
215.0327
217.0296
195.0507
179.0559
161.0453
96.9694
119.0347
191.0195
88.0402
104.0352
133.014
117.0192
99.0086
145.098
133.014
114.0195
132.03
114.0195
306.0764
145.0616
127.0511
146.0649
145.0616
104.0352
140.0116
226.9963
131.0824
203.0824
164.0715
180.0664
180.0664
89.0243
103.0399
259.0224
377.0855
171.0062
89.0243
201.0379
215.0327
217.0296
195.0507
179.0559
161.0453
88.0402
104.0352
111.0198
117.0192
147.0297
161.0453
281.0358
195.0507
175.0245
115.0035
156.03
130.0871
89.0243
201.0379
215.0327
217.0296
195.0507
179.0559
161.0453
347.0398
154.0619
176.0446
89.0243
201.0379
215.0327
217.0296
195.0507
179.0559
161.0453
256.0592
161.0453
362.0508
156.03
134.047
130.0507
152.0292
174.0405
133.014
115.0035
134.0174
191.0195
173.0088
226.9963
228.9932
192.0229
89.0243
201.0379
215.0327
217.0296
195.0507
179.0559
161.0453
89.0243
133.0504
119.0347
117.0192
147.0297
161.0453
195.0507
116.0715
89.0243
130.0507
90.0276
71.0136
377.0855
118.0508
175.0245
377.0855
302.0659
88.0402
104.0352
279.0387
146.0456
128.0351
147.049
187.0721
303.2328
304.2361
319.2277
339.209
89.0243
201.0379
215.0327
217.0296
195.0507
179.0559
161.0453
133.014
128.0351
147.0297
87.0086
117.0192
147.0297
161.0453
145.0504
377.0855
124.0071
126.003
103.0399
133.0504
147.066
255.2328
256.2362
377.0855
138.0194
89.0243
130.0507
90.0276
71.0136
195.0507
146.0456
87.0086
195.0507
151.0258
135.0307
89.0243
201.0379
215.0327
217.0296
195.0507
179.0559
161.0453
346.0556
308.0985
267.0733
308.0985
283.0684
243.062
279.0387
281.0358
130.0619
195.0507
191.0195
173.0088
226.9963
228.9932
192.0229
195.0507
334.2518
336.2488
344.2803
175.0245
174.0881
214.0484
302.0659
118.0508
102.0559
140.0116
140.0116
161.9937
117.0192
147.0297
161.0453
346.0556
346.0556
346.0556
362.0508
167.0207
343.2276
133.0504
151.0258
173.0088
167.0207
152.0292
132.03
114.0195
130.0871
173.0088
208.9851
210.9826
147.066
154.0619
146.0456
130.0507
112.0402
301.2171
131.0824
124.0071
330.2425
243.062
133.0504
117.0192
71.0136
112.0402
87.0086
102.0559
310.1142
89.0243
130.0507
90.0276
71.0136
175.0245
256.0592
338.9886
423.2753
281.2484
282.2518
283.2442
116.0715
145.0616
104.0352
140.0116
130.0507
152.0292
164.0715
195.0507
191.0195
145.0616
127.0511
146.0649
258.0597
228.0513
256.0592
218.1031
239.1149
301.2171
112.0402
89.0243
133.0504
119.0347
89.0243
201.0379
215.0327
217.0296
195.0507
179.0559
161.0453
89.0243
130.0507
90.0276
71.0136
179.0559
145.0504
118.0508
102.0559
140.0116
99.0086
174.0405
175.0437
156.03
377.0855
103.0399
119.0347
146.0456
130.0507
112.0402
142.9983
190.0607
146.0456
130.0507
112.0402
146.0456
130.0507
112.0402
118.0508
102.0559
140.0116
338.9886
338.9886
214.0484
377.0855
239.1149
283.264
284.2674
329.2691
279.2328
280.2361
269.0877
283.0684
179.0559
133.0504
171.0062
174.0405
128.0351
118.0508
88.0402
500.2783
343.2276
133.014
117.0192
99.0086
146.0456
132.03
127.0511
156.03
138.0194
174.0405
128.0351
129.0191
147.0297
89.0243
201.0379
215.0327
217.0296
195.0507
179.0559
161.0453
118.0508
102.0559
140.0116
129.0191
147.0297
175.0245
191.0195
176.0279
87.0086
145.098
334.2518
336.2488
344.2803
436.2831
269.0545
305.2483
306.2518
118.0508
102.0559
140.0116
175.0245
191.0195
176.0279
87.0086
263.0405
362.0508
146.0456
130.0507
112.0402
132.03
140.0116
128.0351
112.0402
177.0287
258.0597
154.0619
338.9886
230.5295
156.03
330.2425
338.9886
338.9886
346.0556
174.0405
128.0351
174.0405
128.0351
330.2425
330.2425
346.0556
464.3144
347.0398
301.2171
319.2277
301.2171
319.2277
146.0456
130.0507
112.0402
330.2425
338.9886
338.9886
377.0855
269.0877
377.0855
267.0733
118.0508
164.0715
214.0484
230.0393
200.0117
118.0508
88.0402
146.0456
128.0351
147.049
187.0721
142.9983
555.2728
103.0399
119.0347
103.0399
119.0347
117.0192
147.0297
161.0453
347.0398
277.217
277.217
301.2171
302.2205
327.2328
328.2361
363.2097
343.2276
138.0194
215.0327
217.0296
216.0359
215.0327
217.0296
301.2171
319.2277
301.2171
319.2277
301.2171
319.2277
301.2171
319.2277
301.2171
319.2277
301.2171
319.2277
319.2277
319.2277
319.2277
319.2277
301.2171
319.2277
277.217
277.217
303.2328
269.0877
245.043
329.2484
214.0484
230.0393
287.9866
214.0484
230.0393
167.0207
132.03
343.2276
301.2171
501.2817
362.0508
269.0545
127.0511
187.0721
145.0616
127.0511
146.0649
329.2691
754.5754
747.5175
703.5473
861.5961
